3
8 1 6
3 5 7
4 9 2


6
1 4 13 30 31 32 
35 34 8 23 9 2 
18 15 17 26 16 19 
27 14 28 3 29 10 
25 11 21 22 20 12 
5 33 24 7 6 36 


12
1 1 1 1 1 1 1 1 1 1 1 1
1 1 1 1 1 1 1 1 1 1 1 1
1 1 1 1 1 1 1 1 1 1 1 1
1 1 1 1 1 1 1 1 1 1 1 1
1 1 1 1 1 1 1 1 1 1 1 1
1 1 1 1 1 1 1 1 1 1 1 1
1 1 1 1 1 1 1 1 1 1 1 1
1 1 1 1 1 1 1 1 1 1 1 1
1 1 1 1 1 1 1 1 1 1 1 1
1 1 1 1 1 1 1 1 1 1 1 1
1 1 1 1 1 1 1 1 1 1 1 1
1 1 1 1 1 1 1 1 0 1 1 1

3
1 2 36
6 17 24
14 5 11


11
68 81 94 107 120 1 14 27 40 53 66 
80 93 106 119 11 13 26 39 52 65 67 
92 105 118 10 12 25 38 51 64 77 79 
104 117 9 22 24 37 50 63 76 78 91 
116 8 21 23 36 49 62 75 88 90 103 
7 20 33 35 48 61 74 87 89 102 115 
19 32 34 47 60 73 86 99 101 114 6 
31 44 46 59 72 85 98 100 113 5 18 
43 45 58 71 84 97 110 112 4 17 30 
55 57 70 83 96 109 111 3 16 29 42 
56 69 82 95 108 121 2 15 28 41 54 